Random BST size vs. height (Insertion)
-----------------------------------------
100  12
200  14
300  18
399  20
498  20
596  21
693  22
789  22
888  22
984  23
1080  23
1176  23
1268  23
1365  24
1463  24
1556  24
1650  24
1748  24
1842  25
1939  25
2028  25
2123  25
2216  25
2305  25
2396  25
2486  25
2579  26
2670  26
2761  27
2851  27
2938  27
3023  27
3111  27
3201  27
3289  27
3377  27
3469  27
3553  27
3638  27
3720  27
3807  27
3897  27
3984  28
4073  28
4163  28
4255  28
4343  28
4430  28
4511  28
4591  28
4679  28
4765  28
4844  28
4924  28
5004  28
5088  28
5172  29
5251  29
5333  30
5418  30
5492  30
5574  30
5653  30
5738  30
5817  30
5896  30
5968  30
6049  30
6122  30
6198  30
6273  30
6347  30
6425  30
6502  30
6579  30
6657  30
6731  30
6804  30
6876  30
6947  30
7022  30
7105  30
7185  30
7266  30
7344  30
7418  30
7490  30
7565  30
7643  30
7719  30
7794  30
7865  30
7938  30
8006  30
8071  30
8142  30
8215  30
8278  30
8353  30
8423  30
Random BST size vs. height (Deletion)
-----------------------------------------
8323  30
8224  30
8126  30
8027  30
7928  30
7834  30
7737  30
7640  30
7542  30
7444  30
7349  30
7251  30
7155  30
7062  30
6964  30
6872  30
6777  30
6685  30
6593  30
6497  30
6406  30
6316  30
6223  30
6135  30
6039  30
5947  30
5860  30
5767  30
5680  30
5589  30
5496  30
5407  30
5319  30
5232  30
5152  30
5065  30
4976  30
4890  30
4803  29
4715  29
4629  29
4543  29
4454  29
4370  29
4285  29
4198  29
4113  29
4032  28
3943  28
3866  28
3783  28
3704  28
3612  28
3523  27
3436  27
3349  27
3273  27
3197  27
3115  27
3032  27
2943  27
2860  27
2783  27
2702  27
2620  27
2540  27
2463  26
2386  26
2305  26
2231  26
2150  26
2074  26
2005  26
1926  26
1846  26
1769  26
1689  25
1620  25
1549  25
1471  25
1394  25
1316  25
1241  25
1170  24
1097  24
1017  24
945  24
872  23
795  23
739  23
662  23
597  23
523  22
451  20
378  19
305  16
228  16
157  15
73  12
0  0